scene0648_01 0.99995000374968757 -0.0099995000374968751 0 0.029999999999999999 0.0099995000374968751 0.99995000374968757 0 -0.029999999999999999 0 0 1 0.02 0 0 0 1
scene0645_01 0.9633754854170542 0.26815606295113886 0 -0.97999999999999998 -0.26815606295113886 0.9633754854170542 0 1.9099999999999999 0 0 1 0.02 0 0 0 1
scene0645_02 0.9707283194618912 0.24018020275345764 0 -0.81000000000000005 -0.24018020275345764 0.97072831946189142 0 1.8700000000000001 0 0 1 0.070000000000000007 0 0 0 1
scene0329_01 0.99207415507805641 0.10959555424358278 0.061462877545741632 -0.52000000000000002 -0.11109895224700944 0.99357479324134435 0.021590577691116483 0.39000000000000001 -0.058701734521031258 -0.028247915417979861 0.99787582475915371 0.42999999999999999 0 0 0 1
scene0329_02 0.98697644340327484 0.081425528707337047 -0.13873493951327953 -0.12 -0.077938168046167641 0.9964947220499567 0.030395902490098176 -0.38 0.14072363741969587 -0.019187292704048849 0.98986297317864125 -0.32000000000000001 0 0 0 1
scene0356_01 0.98866669458635958 -0.14979796513983781 0.0099366320071731812 -0.20000000000000001 0.14979796513983784 0.98871634426164945 0.00074848503224189233 -0.39000000000000001 -0.0099366320071730338 0.00074848503224375195 0.99995035032471014 0.029999999999999999 0 0 0 1
scene0356_02 0.99995000374968757 -0.0099995000374968751 0 0.050000000000000003 0.0099995000374968751 0.99995000374968757 0 -0.02 0 0 1 0.02 0 0 0 1
scene0653_01 -0.87728069524340302 0.47828556078904755 -0.040267904017434165 4.4100000000000001 -0.47903288915802777 -0.8777284961715448 0.01096257786064189 7.8200000000000003 -0.030101044137431775 0.028906908329053918 0.99912877938366484 -0.01 0 0 0 1
scene0558_01 0.96774256748304199 0.24957133508778179 -0.034474219118507038 -1.5800000000000001 -0.2494186223235843 0.96835640461499184 0.008730663166707231 1.1100000000000001 0.035562254140223494 0.00014947784944007757 0.99936745180981246 -0.17000000000000001 0 0 0 1
scene0558_02 0.47899083225451072 -0.8776281589345154 -0.018346587185203246 4.5800000000000001 0.87762815893451507 0.47834478362008709 0.030904411152217249 -0.95999999999999996 -0.018346587185202965 -0.030904411152217481 0.99935395136557592 0.10000000000000001 0 0 0 1
scene0382_01 1 0 0 -0.01 0 0.99995000374968757 0.0099995000374968751 -0.029999999999999999 0 -0.0099995000374968751 0.99995000374968757 0.01 0 0 0 1
scene0500_01 0.74127042683187883 0.67115439047629288 0.0083629210733513672 -3.8300000000000001 -0.67119624085784868 0.7412704268318786 0.0037095232546632672 6.1100000000000003 -0.0037095232546634407 -0.0083629210733513447 0.99995814961844476 0.11 0 0 0 1
scene0693_02 0.14978469458744068 -0.98628077391548263 -0.069388617741120137 3.75 0.98871859306776722 0.14943654104776155 0.01021097065781415 -0.56999999999999995 0.00029831098050121552 -0.07013526362933957 0.99753744581654757 0.20999999999999999 0 0 0 1
scene0203_01 -0.78341885614415985 -0.6194093647345511 0.050861918140357204 9.2300000000000004 0.61940936473455122 -0.78486940417890982 -0.017665142597299427 5.2000000000000002 0.050861918140357162 0.017665142597299531 0.99854945196524969 -0.27000000000000002 0 0 0 1
scene0203_02 0.32780010828740486 -0.94419340650282291 0.0323403791468398 5.2800000000000002 0.94454422108206493 0.32824702884808477 0.0094922322390299657 -0.55000000000000004 -0.019578136459856368 0.027435363474907729 0.99943183729745122 -0.12 0 0 0 1
scene0704_01 -0.85993642212577293 -0.50996283164686473 -0.021148528086747803 6.8499999999999996 0.51006219569040911 -0.86013714991790313 0.00079991161095886384 4.1200000000000001 -0.018598559863686623 -0.010099191542801669 0.99977602486815942 0.070000000000000007 0 0 0 1
scene0095_01 0.99395570184665716 -0.10937922085359525 -0.0093940838818411133 1.8799999999999999 0.10928013399862238 0.99395570184665771 -0.010484039286542653 -0.54000000000000004 0.010484039286542261 0.0093940838818411532 0.99990091314502727 -0.080000000000000002 0 0 0 1
scene0086_02 0.9078794658851419 -0.41900693667500938 0.01371358604941322 0.70999999999999996 0.41912300673507247 0.90790266545516951 -0.0069753340243002161 -0.28999999999999998 -0.0095278879854040609 0.012080441946502393 0.99988163413121789 0.02 0 0 0 1
scene0144_01 0.9987025295199663 0.049935126475998293 0.0099870252951996582 -0.79000000000000004 -0.049935126475998313 0.99875243223073651 -0.00024951355385264694 0.070000000000000007 -0.0099870252951996634 -0.0002495135538526535 0.99995009728922901 0.02 0 0 0 1
scene0574_01 0.99980005998000743 0 -0.019996001199600145 2.23 0 1 0 0.23999999999999999 0.019996001199600145 0 0.99980005998000698 -0.02 0 0 0 1
scene0553_01 0.9561984858251894 -0.29173231611308975 0.024014817111675305 0.98999999999999999 0.29215537174989342 0.95622896124801304 -0.016474599486099663 -0.20999999999999999 -0.018157490556142721 0.022769044903952002 0.99957584811302103 -0.029999999999999999 0 0 0 1
scene0670_01 0.97845353361138376 0.19401511978921807 -0.070617390610042505 -0.59999999999999998 -0.19365251720119908 0.98099665426728033 0.012011115603516241 0.26000000000000001 0.071605761954155689 0.0019229169449398393 0.99743115915103986 -0.34999999999999998 0 0 0 1
scene0277_01 0.76823123332364851 -0.63901267731642786 -0.038517143909133821 1.76 0.63881233139282934 0.76913017634570535 -0.018909709011027325 -0.58999999999999997 0.041708241469575219 -0.010078197423854508 0.99907900214657741 -0.080000000000000002 0 0 0 1
scene0277_02 0.39870749048192039 -0.9170282216527208 0.0095696251785885988 2.9500000000000002 0.91707599232454684 0.39870749048192089 -0.001990310417296904 -0.22 -0.0019903104172968619 0.0095696251785883993 0.99995222932817363 0.01 0 0 0 1
scene0629_01 0.81198965954703395 -0.58134301519166531 0.052087344687120889 2.04 0.58325614023600636 0.80480650056957592 -0.10999441584894101 -0.37 0.022024251762265544 0.11969459189460972 0.99256643959258184 -0.28999999999999998 0 0 0 1
scene0629_02 0.73986358188990331 -0.67108475103379062 0.047403977923351763 2.6400000000000001 0.67164141431001578 0.73274486575139008 -0.10946584991959306 -0.22 0.038725841200464302 0.11282827059249372 0.9928595522924798 -0.42999999999999999 0 0 0 1
scene0696_02 -0.98354716623203275 -0.18065152032833254 0 7.9199999999999999 0.18065152032833254 -0.98354716623203287 0 6.3799999999999999 0 0 1 -0.040000000000000001 0 0 0 1
scene0684_01 0.040492299240356272 -0.99908231293520144 0.013960862519106772 5.04 0.99768340638849651 0.039663292962127346 -0.055268832161044799 -0.070000000000000007 0.054664378888584213 0.016166482964713836 0.99837390315917063 -0.10000000000000001 0 0 0 1
scene0377_01 -0.99750902331902402 0.069872438190201003 0.0096742327077424944 5.4100000000000001 -0.069771816746082488 -0.99750902331902491 0.010375065545724175 2.21 0.010375065545723972 0.0096742327077418647 0.99989937855588185 -0.080000000000000002 0 0 0 1
scene0700_01 0.73172157091993872 -0.68160365510350462 0 1.3899999999999999 0.68160365510350462 0.73172157091993861 0 -0.25 0 0 1 0 0 0 0 1
scene0700_02 0.74062608127711349 -0.66945451546592305 0.057477469102187428 1.3500000000000001 0.67155248157959602 0.74032949452921992 -0.030487768275102044 -0.37 -0.022142091508995661 0.061179173354961876 0.99788117355284878 -0.080000000000000002 0 0 0 1
scene0686_01 0.99980005998000743 0.019996001199600145 0 1.72 -0.019996001199600145 0.99980005998000698 0 0.050000000000000003 0 0 1 0 0 0 0 1
scene0686_02 0.99395570184665716 0.10937922085359525 -0.0093940838818411133 -0.68000000000000005 -0.10928013399862238 0.99395570184665771 0.010484039286542653 0.56000000000000005 0.010484039286542261 -0.0093940838818411532 0.99990091314502727 -0 0 0 0 1
scene0030_01 0.84855867434083954 -0.52910129105958248 0 2.1400000000000001 0.52910129105958248 0.84855867434083954 0 -2.0699999999999998 0 0 1 0.02 0 0 0 1
scene0030_02 0.87130794360994623 -0.49073665789525717 0 2.0099999999999998 0.49073665789525717 0.87130794360994623 0 -2.02 0 0 1 -0 0 0 0 1
scene0146_02 -0.99287683848692221 -0.11914522061843064 0 3.4700000000000002 0.11914522061843064 -0.9928768384869221 0 3.75 0 0 1 0 0 0 0 1
scene0353_01 0.93386150622595376 -0.35763041087845593 -0.001782246980584325 1.55 0.35763041087845604 0.93381347966655504 0.0096371369165261945 -1.6399999999999999 -0.001782246980584438 -0.0096371369165265709 0.99995197344060105 0.059999999999999998 0 0 0 1
scene0077_01 -0.96510163659222747 -0.20032194419256333 0.16867112889263622 6.8399999999999999 0.20783258731239754 -0.97776546085749838 0.02793419419205526 5.7699999999999996 0.15932497198505796 0.06201469365429705 0.98527647443391431 -0.89000000000000001 0 0 0 1
scene0100_01 0.93386150622595376 0.35763041087845593 0.001782246980584536 -0.76000000000000001 -0.35763041087845604 0.93381347966655481 0.009637136916526453 1.5600000000000001 0.0017822469805843706 -0.0096371369165265865 0.99995197344060094 0.02 0 0 0 1
scene0100_02 -0.96835519307131102 -0.24957608068848219 0 4.5099999999999998 0.24957608068848219 -0.96835519307131113 0 2.8199999999999998 0 0 1 0.01 0 0 0 1
scene0474_02 0.79160264806665215 0.61033070546432677 0.029354344504373815 -1.0700000000000001 -0.61097845630335523 0.78995345235992775 0.051757792049123667 1.46 0.0084008039516247288 -0.05890647733524932 0.9982281569966448 0.14000000000000001 0 0 0 1
scene0231_01 0.60004998125780906 -0.79990003748438177 0.0099975009371095474 5.7000000000000002 0.79990003748438165 0.59980007496876364 -0.019995001874219095 -1.6799999999999999 0.0099975009371095439 0.019995001874219095 0.99975009371095458 -0.13 0 0 0 1
scene0231_02 0.93967439814927745 -0.34005396983846797 0.037085348318325044 1.71 0.33966620924186236 0.94040144926791303 0.016491831737940756 -0.89000000000000001 -0.040483228157552904 -0.0029003123810289332 0.99917600873221324 0.16 0 0 0 1
scene0664_02 -0.96332941211838385 0.26814313547530871 0.0097827728747238822 4.2699999999999996 -0.26814313547530855 -0.96337815719627484 0.001336089285923079 3.2400000000000002 0.00978277287472357 -0.0013360892859247662 0.9999512549221099 -0.01 0 0 0 1
scene0046_01 0.97518557621279722 -0.22121431915931708 -0.0087930054813125762 0.56000000000000005 0.22111504031110985 0.97518557621279744 -0.011010490213019305 -0.20000000000000001 0.011010490213019326 0.00879300548131259 0.99990072115179285 -0.01 0 0 0 1
scene0046_02 0.92916412825774031 0.36966744887673531 0 -0.72999999999999998 -0.36966744887673531 0.9291641282577402 0 0.65000000000000002 0 0 1 -0.01 0 0 0 1
scene0153_01 -0.02009093862103253 0.99975016862353694 -0.0097956379340534937 -0.25 -0.99960026979765926 -0.01989107351986201 0.020090938621032502 2.5299999999999998 0.019891073519862221 0.010195368136394057 0.99975016862353705 -0.050000000000000003 0 0 0 1
scene0338_01 0.63910457104025886 0.76902572370284161 0.012032603989462968 -0.23000000000000001 -0.76902572370284183 0.63919290192611267 -0.005645388436171417 2.3799999999999999 -0.01203260398946287 -0.0056453884361712331 0.99991166911414553 0.029999999999999999 0 0 0 1
scene0338_02 0.67363068531357118 0.73879715414778135 0.020011617303670876 -0.41999999999999998 -0.73849731849947176 0.67392760032225829 -0.021054692896658501 2.3399999999999999 -0.029041528421537129 -0.00059543851255535114 0.99957802850999078 0.059999999999999998 0 0 0 1
scene0064_01 -0.97264354165089362 0.079549566926756229 -0.21825766260677235 6.3899999999999997 -0.070672436586638354 -0.99633461344811824 -0.048194862299796221 10.69 -0.22129154432945175 -0.031451620736525708 0.97470038881767751 1.1599999999999999 0 0 0 1
scene0697_01 0.29773992311222902 0.95227412944994982 0.067267529800516451 -1.5700000000000001 -0.95387495293335056 0.29392632815192699 0.061072807251046336 4.8499999999999996 0.038386356319938968 -0.08234862475758499 0.99586404275333285 0.25 0 0 0 1
scene0697_02 0.85192670338867282 0.51895268691535379 0.070064261907507142 -1.53 -0.5189526869153539 0.85457745667586338 -0.019633626377928575 2.6200000000000001 -0.070064261907507211 -0.01963362637792835 0.99734924671280933 0.45000000000000001 0 0 0 1
scene0697_03 0.81021606513347311 0.5818958527797049 0.0703359390170646 -1.46 -0.58064740076003818 0.81321234998067227 -0.039169756567068365 2.8700000000000001 -0.079990773156932052 -0.0091044141322689075 0.99675402474886654 0.39000000000000001 0 0 0 1
scene0406_01 -0.8820149759324698 0.47112719245904311 0.0094207619916919158 1.96 -0.47107413264176939 -0.88206288728258964 0.0073637242280105552 3.1299999999999999 0.011778955244379125 0.0020570377636809035 0.999928509849074 0.01 0 0 0 1
scene0406_02 -0.80301173949719518 0.59530699997150838 0.027959292097827028 1.5600000000000001 -0.59456615852109751 -0.80345764434558664 0.030771689653099173 3.6000000000000001 0.040782709217931166 0.0080863791380288985 0.99913531671204669 -0.11 0 0 0 1
scene0685_01 0.91173394330628721 0.41078122720393151 0 -0.64000000000000001 -0.41078122720393151 0.9117339433062871 0 0.81999999999999995 0 0 1 0.02 0 0 0 1
scene0685_02 0.99143976868265871 -0.13023233564449982 0.0093125628617917611 0.16 0.13013262645708254 0.99143976868265826 0.010615300554291308 -0.70999999999999996 -0.010615300554291317 -0.0093125628617921775 0.99990029081258236 0.070000000000000007 0 0 0 1
scene0011_01 -0.57023506591155237 -0.82101555162030515 0.027666470726350815 10.84 0.82069772408200725 -0.57083867785277975 -0.024463228607489521 2.75 0.035877782699874149 0.0087560187810965737 0.99931782574096228 -0.27000000000000002 0 0 0 1
scene0084_01 0.19949367031321472 0.9792130025108966 -0.036662940669799367 -1.0700000000000001 -0.97961065046634377 0.20020308934010833 0.016783816955109731 6.1100000000000003 0.023774965780593574 0.032567141911311409 0.99918673543530401 -0.10000000000000001 0 0 0 1
scene0084_02 0.19996001199600144 -0.97980405878040677 0 4.71 0.97980405878040677 0.19996001199600155 0 -0.81999999999999995 0 0 1 0 0 0 0 1
scene0647_01 -0.77990351543312486 -0.62557453864499712 -0.020174320661489657 9.3300000000000001 0.62401763435350521 -0.77965205039213015 0.052389620491111129 5.6399999999999997 -0.048502563137512063 0.02826971733935308 0.99842291863250276 0.01 0 0 0 1
scene0663_01 -0.13028068041329913 0.99019472028547939 0.050411905635570263 -0.72999999999999998 -0.99147166077974669 -0.13028068041329874 -0.003300027530065695 4.4000000000000004 0.0033000275300656789 -0.05041190563557027 0.9987230595057327 0.17999999999999999 0 0 0 1
scene0663_02 -0.70177540734768085 0.71180070569772669 0.029172470073956919 2.6200000000000001 -0.71210172172188491 -0.70207629773727021 0.00010038055290883617 5.4299999999999997 0.020552750733773897 -0.020703321563137176 0.99957438788392805 -0.02 0 0 0 1
scene0616_01 0.7778446600485458 -0.62834173467551324 0.012014545306807504 2.2200000000000002 0.62834173467551313 0.77792585347459364 0.0042462878838978365 -2.0899999999999999 -0.012014545306807158 0.0042462878838984012 0.99991880657395305 0.01 0 0 0 1
scene0702_01 0.79999300076865654 0.60000849905324016 0.00099989251288279423 -0.58999999999999997 -0.59995600478692268 0.79994300614301217 -0.011999135093570515 1.4099999999999999 -0.0079994400600052577 0.0089993325728877048 0.99992750785842899 -0.01 0 0 0 1
scene0702_02 0.73054631579143259 0.68007662417730974 0.061626826392067062 -0.10000000000000001 -0.6817761564173872 0.73149714351294159 0.0096540961845837901 1.1799999999999999 -0.038514322326870278 -0.049068465229728853 0.99805257010625481 0.070000000000000007 0 0 0 1
scene0131_01 -0.6692353809403746 0.74021639593460264 0.064835885797748349 4.7999999999999998 -0.74039475329876026 -0.67167071547466062 0.02596265127879667 7.4000000000000004 0.062766345960705031 -0.030629024851343129 0.99755814299287671 -0.32000000000000001 0 0 0 1
scene0131_02 0.36966980649470516 0.92791514890550431 0.048142606886668972 -0.51000000000000001 -0.92916318894096273 0.36917049092832099 0.019207210750229613 3.3599999999999999 4.9832004437985529e-05 -0.051832664020089056 0.99865578276869404 0.12 0 0 0 1
scene0207_01 0.99493757025952978 -0.10049366928720095 0.0005037055268054529 0.46999999999999997 0.10049366928720097 0.99488745217972585 -0.0099989963760395463 -0.17999999999999999 0.00050370552680535185 0.0099989963760394474 0.99994988192019607 -0.040000000000000001 0 0 0 1
scene0207_02 -0.22103265888625126 0.97519112749700898 0.012117283391344867 1.51 -0.97504224220168356 -0.22123117261335223 0.018692088872959856 8.9800000000000004 0.020909080036851501 -0.0076833010635615102 0.99975185784112375 -0.040000000000000001 0 0 0 1
scene0378_01 0.090531199967323117 0.9958935162593856 -0.00045398787867306713 -0.25 -0.99584332611935311 0.090531199967322978 0.010008579120961156 5.2599999999999998 0.010008579120961042 -0.00045398787867293003 0.99994980985996773 -0.029999999999999999 0 0 0 1
scene0378_02 -0.19995016861746012 0.97975607610092574 0.0098975458153486157 0.79000000000000004 -0.97980555765794641 -0.19995016861746012 -0.00099962615524593523 5.96 0.00099962615524610524 -0.0098975458153480987 0.99995051844297944 0 0 0 0 1
scene0435_01 -0.98152787455575796 0.19018713588635291 0.02078183854721222 8.0800000000000001 -0.19038558199046801 -0.98167670913384342 -0.0080105501869109537 5.6500000000000004 0.018877543277855881 -0.011819140725623043 0.99975194236985598 0.01 0 0 0 1
scene0695_01 0.96836451215581498 -0.24952746739605328 0.0024929123815435176 1.6499999999999999 0.24952746739605325 0.96816806782808207 -0.019663047905899136 -0.90000000000000002 0.0024929123815431863 0.019663047905898741 0.99980355567226753 -0.059999999999999998 0 0 0 1
scene0695_02 0.99870501977821957 -0.04993459645122908 -0.0097375329031016648 1.0600000000000001 0.049885317608252266 0.99874120786755827 -0.0052397322807545502 -0.27000000000000002 0.0099869192902458173 0.0047471870094911543 0.99993886096030227 -0.029999999999999999 0 0 0 1
scene0695_03 0.85749292571254432 -0.51449575542752657 0 2.6000000000000001 0.51449575542752657 0.8574929257125441 0 -1.6299999999999999 0 0 1 -0.029999999999999999 0 0 0 1
scene0334_01 0.95241803179158879 -0.28048126451478173 0.11929020485532218 2.8700000000000001 0.27988057684367729 0.95978027177779934 0.022106393007094684 -2.6099999999999999 -0.12069281430096115 0.012332484028880108 0.99261329550524935 1.02 0 0 0 1
scene0693_01 0.99990001499750059 0.0099990001499749986 -0.0099990001499750056 0.02 -0.0099990001499750056 0.99995000749874963 4.9992501249660504e-05 -0.35999999999999999 0.0099990001499750056 4.99925012498635e-05 0.99995000749875018 0.089999999999999997 0 0 0 1
scene0086_01 0.90631278756590206 -0.4200261143114099 0.046638979308972435 0.68999999999999995 0.42123396736148239 0.90673959467106291 -0.019627842384272256 -0.27000000000000002 -0.03404520282550702 0.03743488683320291 0.99871895616952988 0.040000000000000001 0 0 0 1
scene0574_02 0.99995000374968757 0 0.0099995000374968751 0.20000000000000001 0 1 0 -0.40999999999999998 -0.0099995000374968751 0 0.99995000374968757 -0.02 0 0 0 1
scene0553_02 -0.82110611338946149 0.57075364037447285 0.0050032543150177978 2.25 -0.57077419509309046 -0.82109182535334913 -0.0050032543150177605 5.1500000000000004 0.0012525056042093741 -0.006963931159402895 0.99997496713293754 -0.01 0 0 0 1
scene0633_01 0.96517955884173212 0.26140266030564968 0.0098523286186040279 -0.40999999999999998 -0.26140266030564963 0.9652289529944299 -0.0013105290554855623 0.11 -0.0098523286186041684 -0.001310529055485772 0.99995060584730155 0.040000000000000001 0 0 0 1
scene0696_01 -0.75705200475077239 0.6533543997810356 0.00053887809280753912 2.8199999999999998 -0.65329813169023543 -0.75699713682557213 0.012525412884779289 8.4100000000000001 0.008591462790698003 0.0091303408835135061 0.99992140873293989 -0.029999999999999999 0 0 0 1
scene0187_00 -0.75043384212150488 -0.66070161837987673 0.017956059394184411 11.68 0.66015030447169132 -0.75058655451742118 -0.02866007124203767 5.8099999999999996 0.032413332205887671 -0.0096537893014555613 0.9994279264896665 -0.11 0 0 0 1
scene0351_01 -0.62751267245342179 -0.77756515965529538 0.040252557690157849 6.5999999999999996 0.7775651596552956 -0.62850822132257822 -0.019231178335281072 1.6599999999999999 0.040252557690157793 0.01923117833528112 0.99900445113084291 -0.14999999999999999 0 0 0 1
scene0559_02 0.65951100575223054 0.74944187382515981 -0.05815592015534387 -0.47999999999999998 -0.75064203285546116 0.66070667147817763 0.0017979918932753121 4.9500000000000002 0.039771494846206554 0.042468482686119524 0.99830589308890516 -0.31 0 0 0 1
scene0474_04 0.98608388452485962 -0.16120129393270682 -0.040653603958137573 0.76000000000000001 0.16120129393270685 0.98691603241532 -0.0032996660474122518 0.089999999999999997 0.040653603958137559 -0.003299666047412162 0.99916785210953973 -0.20999999999999999 0 0 0 1
scene0671_01 0.099265940558883228 0.99484174446782703 0.020884839218211639 0.41999999999999998 -0.99484174446782758 0.099662729445973153 -0.018900894782760094 6.1399999999999997 -0.020884839218211174 -0.018900894782760951 0.99960321111290973 0.10000000000000001 0 0 0 1
scene0222_01 0.16430630953946349 -0.98639376521011102 -0.0055476661887452492 7.1299999999999999 0.98630524705642242 0.16436808140322054 -0.013604905173979085 -0.70999999999999996 0.014331652887597239 -0.0032363205101061049 0.99989205915191903 -0.029999999999999999 0 0 0 1
scene0355_01 0.98439793226271177 0.16092286992735191 0.071165587830370539 0.28000000000000003 -0.16912509048116656 0.97694092806868416 0.13031932640262767 1.3200000000000001 -0.048553215409845626 -0.14032196192557253 0.98891472447057993 0.84999999999999998 0 0 0 1
scene0435_02 -0.8468762488389322 0.53101182712201023 -0.028758626689098312 4.6699999999999999 -0.53141396800338037 -0.8470723785612907 0.0082207110044904622 6.4800000000000004 -0.019995343542954219 0.022244660821453311 0.99955258055869078 -0.02 0 0 0 1
scene0435_03 -0.98497143741808324 0.16999401805658756 0.030549980286927923 7.79 -0.17014501176990188 -0.98541612773879406 -0.0023937756996505492 5.2000000000000002 0.02969751572733122 -0.0075557274472310776 0.99953037399689304 -0.19 0 0 0 1
scene0690_01 -0.80775117721062972 -0.58885019827269247 -0.028168771876898716 10.58 0.5881046455013158 -0.80819980118457491 0.030757231751027857 5.6299999999999999 -0.040877397845434947 0.008278004555762223 0.9991298779367781 0.16 0 0 0 1
scene0593_01 -0.9943749247009922 0.080892911799546802 0.068372845095745344 7.9800000000000004 -0.078458827878698623 -0.99620916769483681 0.037570021675015539 5.0499999999999998 0.071152803555424346 0.031994234189163522 0.99695217915647882 -0.40999999999999998 0 0 0 1
scene0278_01 0.99655119884833188 -0.080625758222467855 -0.019626390014604544 -0.11 0.080424799505507016 0.99670191788605267 -0.010823054410086932 -0.42999999999999999 0.020434277536832215 0.0092072793656312046 0.99974880160379875 -0.059999999999999998 0 0 0 1
scene0552_01 0.99963797282301714 -0.0098463477139844099 -0.025039423455496281 -0.19 0.010095570329010687 0.99990055950400747 0.0098463477139841809 -0.11 0.024939982959504163 -0.010095570329010616 0.99963797282301736 -0.029999999999999999 0 0 0 1
scene0607_01 0.99855325436510256 -0.050024943890256877 0.01972062842912322 0.11 0.049825392768202047 0.99870291770664377 0.010483911470982996 -0.20999999999999999 -0.020219506234260248 -0.0094861558607087833 0.99975056109743143 0.10000000000000001 0 0 0 1
scene0609_01 1 0 0 0 0 1 0 0 0 0 1 0 0 0 0 1
scene0609_02 0.70278605362750868 0.70869767544289231 -0.061962631065127519 -3.6800000000000002 -0.71108556079310625 0.69720992961914463 -0.090860548490645357 3.3399999999999999 -0.021191697860852069 0.1079162585633342 0.99393409896203122 -0.51000000000000001 0 0 0 1
scene0334_02 0.8995429966924009 -0.4347810780901491 -0.042282516912115806 4.7999999999999998 0.4351780492896708 0.90034439158318502 0.00020484418761060975 -3.02 0.037979764587114925 -0.018584689383250676 0.99910567349126544 -0.17999999999999999 0 0 0 1
scene0187_01 -0.75978616662787735 0.6493688660502801 0.032327338360729735 5 -0.65000247617049056 -0.75978616662787679 -0.01489167462533633 12.039999999999999 0.014891674625336472 -0.032327338360729159 0.99936638987978932 0.029999999999999999 0 0 0 1
scene0377_02 0.99675117606973895 0.08054147834849637 0.0004040656278828308 -0.070000000000000007 -0.080541478348496356 0.9967009212590312 0.010017176590076572 0.28999999999999998 0.0004040656278828411 -0.010017176590076494 0.99994974518929236 0.01 0 0 0 1
scene0559_01 0.99617266276308303 0.08110587903405532 0.032586229447751025 0.070000000000000007 -0.079195102071943274 0.99527488680669862 -0.05617860357580013 -0.28999999999999998 -0.03698867085098851 0.053382919347162307 0.99788882254019251 -0.14000000000000001 0 0 0 1
scene0146_01 0.99287683848692221 -0.11914522061843064 0 0.11 0.11914522061843064 0.9928768384869221 0 -0.34999999999999998 0 0 1 0 0 0 0 1
scene0353_02 0.99400480064141605 0.10933507788932068 0.0005450181235076533 -0.20000000000000001 -0.10933507788932068 0.99395525353927883 0.0099395525353929703 0.51000000000000001 0.00054501812350762999 -0.0099395525353927431 0.99995045289786277 0.029999999999999999 0 0 0 1
scene0664_01 0.99675093059305198 0.080545529744893082 0 -0.14999999999999999 -0.080545529744893082 0.99675093059305164 0 0.14000000000000001 0 0 1 -0.01 0 0 0 1
